%% 既知パラメータ
m2 = 40e-3;
L1 = 0.265;
l2 = 20e-2;
g = 9.81;

%% 同定されたアームのパラメータ
T = 19.5e-3;
K = 0.00012892; % [rad / duty]
uoffset = 1223;

%% 同定された振り子のパラメータ
J2  = -6.7749e-04;
c2 = 3.2973e-04;
